220723085846	1	 6.43	 6.49	19.12	 32	27309	4
220723090123	1	 6.47	 9.18	29.85	  3	27185	4
220723101818	1	 0.22	 1.84	 5.74	 83	26998	2
220723101823	2	025
220723102547	1	 7.13	 9.21	29.41	  3	27099	4
220723102904	0	CHECK_SAMPLE
220723103004	0	MS	TOO_HIGH_FAT/SNF
220723104301	0	CHECK_SAMPLE
220723104613	0	CHECK_SAMPLE
220723104618	2	025
220723110233	1	 7.18	 8.77	27.61	  8	27126	4
220723110402	1	 7.63	 9.22	29.03	  3	27109	4
220723110528	1	 7.91	 9.36	29.36	  2	27121	4
220723110722	1	 6.79	 8.98	28.78	  5	27117	4
220723111032	1	 0.00	 0.00	 0.00	100	26956	2
220723111149	1	 0.00	 0.00	 0.00	100	26955	2
220723111301	1	 1.20	 3.36	10.99	 65	26985	2
220723111306	2	025
230723084154	1	 0.18	 2.38	 7.93	 77	26940	3
230723084159	2	025
230723090431	0	CHECK_SAMPLE
230723090524	1	 9.68	 9.40	28.03	  2	27253	4
230723090655	1	 9.81	 9.45	28.12	  2	27122	4
230723091208	0	MS	TOO_HIGH_FAT/SNF
230723105551	1	 0.35	 1.95	 6.07	 82	26916	3
230723105556	2	025
250723212157	1	 0.32	 2.18	 7.01	 79	26959	4
250723212201	2	025
250723212818	0	CHECK_SAMPLE
250723213104	1	 0.33	 1.85	 5.68	 83	26995	3
250723213109	2	025
290723213304	1	 0.09	 3.12	10.96	 68	27006	4
290723213309	2	025
290723213943	1	 4.30	 8.40	28.55	 11	27100	4
290723214002	0	HOT_NO_SAMPLE
290723214007	2	025
290723214556	1	 7.56	 9.01	28.25	  5	27275	4
290723214705	1	 6.03	 8.75	28.49	  8	27163	4
290723214809	1	 3.96	 6.05	19.43	 36	27217	4
290723214913	1	 0.32	 2.26	 7.33	 78	26988	3
290723214918	2	025
290723215511	1	 0.23	 1.81	 5.61	 83	26901	3
290723215516	2	025
300723093608	1	 8.23	 5.92	15.33	 39	27195	4
300723093952	1	 8.21	 6.23	16.58	 35	27122	4
300723095540	1	 2.84	 5.71	19.01	 39	27253	4
300723101752	0	MS	TOO_HIGH_FAT/SNF
300723102252	1	 0.48	 1.92	 5.84	 82	26908	3
300723102257	2	025
300723103129	1	 3.73	 8.05	27.63	 14	27104	4
300723103329	1	 6.31	 8.53	27.38	 10	27104	4
300723103550	1	 5.99	 8.71	28.37	  8	27088	4
300723104944	1	 6.34	 8.69	27.99	  8	27048	4
300723105334	1	 0.00	 0.00	 0.00	100	26897	3
300723105631	1	 1.23	 3.22	10.41	 67	26908	3
300723105636	2	025
300723111415	1	 0.35	 1.86	 5.71	 83	26930	3
300723111420	2	025
310723180202	1	 0.34	 1.85	 5.67	 83	26993	3
310723180207	2	025
310723181835	0	MS	TOO_HIGH_FAT/SNF
310723182119	1	 0.33	 1.83	 5.60	 83	26934	3
310723182124	2	025
310723185212	1	 0.24	 1.79	 5.52	 84	26956	3
310723185217	2	025
010823173234	1	 0.33	 1.93	 6.00	 82	26972	3
010823173239	2	025
010823173946	1	 4.93	12.64	44.98	  0	27096	2
010823173951	2	025
010823174603	1	 0.38	 1.73	 5.16	 84	27039	3
010823174608	2	025
010823175214	1	 0.23	 1.80	 5.57	 84	27055	3
010823175219	2	025
